saveMD5 = 8b714c0734cec6ab467be905f8f326fc
vesselCount = 33
UT = 431677188.46368992
gameMode = CAREER
gameNull = False
gameCompatible = True
funds = 2539428.7455207775
science = 67
reputationPercent = 82
ongoingContracts = 0
saveMD5 = 8b714c0734cec6ab467be905f8f326fc
