saveMD5 = 9074be5b46b798dc5410cf94c7be36c2
vesselCount = 10
UT = 303046156.49080056
gameMode = CAREER
gameNull = False
gameCompatible = True
funds = 424860.91218037438
science = 12
reputationPercent = 66
ongoingContracts = 0
saveMD5 = 9074be5b46b798dc5410cf94c7be36c2
