saveMD5 = 432a1f44232a80e144f87f36aa145225
vesselCount = 12
UT = 326888429.95399737
gameMode = CAREER
gameNull = False
gameCompatible = True
funds = 517094.3280103858
science = 17
reputationPercent = 68
ongoingContracts = 0
saveMD5 = 432a1f44232a80e144f87f36aa145225
