saveMD5 = 04ed4dc9a940f216fe2e9fc067d5b2ed
vesselCount = 10
UT = 303046098.55085582
gameMode = CAREER
gameNull = False
gameCompatible = True
funds = 424860.94102533098
science = 12
reputationPercent = 66
ongoingContracts = 0
saveMD5 = 04ed4dc9a940f216fe2e9fc067d5b2ed
