saveMD5 = 644f9123d14d3ee8f05fa927e89be045
vesselCount = 5
UT = 265643879.90130898
gameMode = CAREER
gameNull = False
gameCompatible = True
funds = 1040610.1316439172
science = 11
reputationPercent = 65
ongoingContracts = 0
saveMD5 = 644f9123d14d3ee8f05fa927e89be045
