saveMD5 = 46786db3030f325765807f721fd4f0c6
vesselCount = 42
UT = 501659806.67555153
gameMode = CAREER
gameNull = False
gameCompatible = True
funds = 4415615.532442593
science = 3
reputationPercent = 88
ongoingContracts = 2
saveMD5 = 46786db3030f325765807f721fd4f0c6
