saveMD5 = 7d4dfc84d1ec6114726f81da530ae5bd
vesselCount = 12
UT = 326888429.95399737
gameMode = CAREER
gameNull = False
gameCompatible = True
funds = 517094.3280103858
science = 17
reputationPercent = 68
ongoingContracts = 0
saveMD5 = 7d4dfc84d1ec6114726f81da530ae5bd
