saveMD5 = 970c48fbb5816ef4d30dfd6c2de900a0
vesselCount = 10
UT = 303046308.83065528
gameMode = CAREER
gameNull = False
gameCompatible = True
funds = 408077.79670431447
science = 12
reputationPercent = 66
ongoingContracts = 0
saveMD5 = 970c48fbb5816ef4d30dfd6c2de900a0
