saveMD5 = 47759a8237d95be390f0bae447a761dd
vesselCount = 1
UT = 218825480.54219747
gameMode = CAREER
gameNull = False
gameCompatible = True
funds = 863190.10284578486
science = 0
reputationPercent = 22
ongoingContracts = 1
saveMD5 = 47759a8237d95be390f0bae447a761dd
