saveMD5 = 91c71d348af3f004c2bd80bfec997399
vesselCount = 12
UT = 320697212.66289324
gameMode = CAREER
gameNull = False
gameCompatible = True
funds = 279924.34532159066
science = 12
reputationPercent = 66
ongoingContracts = 1
saveMD5 = 91c71d348af3f004c2bd80bfec997399
