saveMD5 = 2452c49f57da589169624c84c58b300e
vesselCount = 13
UT = 330463995.39262313
gameMode = CAREER
gameNull = False
gameCompatible = True
funds = 1060376.769858185
science = 17
reputationPercent = 68
ongoingContracts = 2
saveMD5 = 2452c49f57da589169624c84c58b300e
